Temperatura: 32.09 - 2024-01-21T11:45:11.676872
Temperatura: 32.09 - 2024-01-21T11:52:35.559194
Temperatura: 20.1 - 2024-01-28T09:32:57.202770
Temperatura: 22.1 - 2024-01-29T07:31:08.616615
